60
-0.722150
0.649428
0.926959
-1.392732
-0.524712
-0.710076
-0.425713
0.866659
0.658907
0.067543
-1.134601
0.533168
0.049581
1.140817
1.369832
-0.005524
-0.405194
0.230235
-0.386746
-1.220614
-0.427291
-0.262505
-0.027380
0.861736
0.316061
0.449723
0.534536
0.230287
-0.482117
0.047027
-1.507849
0.036236
-0.243990
0.719875
-0.122863
-0.147868
-0.654884
0.522366
0.197564
-0.571837
1.119683
-0.110896
1.547922
0.118610
0.909038
1.015146
-0.726924
-0.386781
-0.566931
-1.044068
0.013804
-0.373205
-1.601849
-0.861609
-1.916435
1.255559
-0.355959
-0.463697
1.457523
0.965240
1.405181
0.650658
-1.216585
-1.341983
0.134658
0.941725
0.262308
0.316718
-0.924843
-0.118483
-0.000476
0.733803
-0.610442
-0.155954
0.248140
0.195103
0.142674
-0.717543
0.948816
-1.108337
-0.555106
-0.082459
0.717653
-0.093561
-0.122295
0.840428
-0.834923
-1.292360
-0.577409
0.358466
0.583996
-0.158711
-0.146103
1.528032
0.298463
1.747475
1.157334
0.085728
-0.678286
-0.146684
1.660117
-0.228077
0.354470
-0.687873
-1.179589
0.507048
-0.051140
0.533245
-1.027987
0.389761
0.823017
-0.714064
-0.697929
0.748361
1.516261
0.972040
-1.733877
-0.021858
-0.635128
0.079690
-0.426420
-0.433032
0.482982
1.062236
0.119176
0.940339
-1.081758
0.869018
0.417626
0.420370
-0.292658
-0.249372
-0.719452
0.036169
0.089381
0.024690
0.630056
0.332923
0.153658
0.004746
-0.183506
0.363061
0.609784
0.385323
-1.516215
-0.130675
0.555606
0.014513
0.605371
0.908222
0.276606
-0.587627
-0.785675
-0.336748
0.497480
1.264035
-1.137533
0.693164
-0.646152
-1.012683
0.562575
0.889896
1.117506
-1.481423
0.213156
0.004383
1.095034
-0.926245
0.904819
-0.716003
0.497645
0.987480
0.624148
-0.977455
0.740263
0.564501
-0.444980
1.759820
-1.202300
-0.017341
-0.586488
-0.394778
-0.432026
0.102492
1.931463
-0.914465
0.688370
-0.882002
-0.002701
0.576351
-0.379418
-1.268631
-0.926555
0.327175
0.345262
0.635147
-1.445262
1.440241
0.842034
0.337858
0.511531
0.838300
-0.477217
-0.002929
-0.141138
-0.223312
0.590519
0.212469
0.589429
0.723644
-1.066212
-0.609406
0.499939
-0.389965
0.904308
0.448166
-0.373260
0.052957
-0.566777
-0.267356
-0.002290
0.828808
-1.417256
-0.703077
-0.977226
0.635757
-0.859986
-0.700943
-0.046890
-0.821332
0.223178
0.175912
0.413201
1.339510
0.166443
-0.782373
-0.553439
0.622006
0.421323
0.098906
-0.355957
0.892778
1.558035
0.742558
-0.528226
0.177689
0.245959
0.473836
-0.919361
-0.362742
0.159801
0.352047
-0.757653
-0.585726
-0.241820
-0.147496
0.822156
0.383619
0.412819
-0.426977
-0.213499
1.218981
0.507249
0.808045
1.691472
0.006220
-0.987257
0.864485
-0.165037
0.128648
-0.210203
0.975478
0.224914
0.959029
1.278764
0.238688
-0.911216
0.004864
0.138779
-1.067045
-0.233418
-0.348296
-0.570956
-1.361373
-0.614107
1.312194
-0.601836
1.062095
-0.040397
-0.861043
0.286192
-0.424534
-0.109131
0.797523
-0.729943
0.204353
0.464058
0.700558
0.860494
1.312004
-1.423747
0.442552
0.682039
-1.735397
1.737983
0.422602
-0.206406
0.033472
0.505633
-0.881508
-0.564987
-1.620921
-0.885514
0.310071
-1.380028
0.641836
0.788256
-0.379895
0.962487
1.644475
0.861948
0.310677
-0.723185
0.745275
-0.601230
-0.088814
0.113428
0.989924
-1.131901
-0.349147
0.413088
0.285004
-0.413085
-0.074661
-0.869067
-0.375424
-0.127204
-0.722898
-0.170694
0.759087
0.123095
0.080170
-1.583047
0.593417
-0.952414
0.394819
0.365691
0.044775
0.629305
0.951201
1.216990
1.123832
-0.003212
-0.906182
-0.658374
0.781920
-0.852989
0.801058
-0.775125
-1.080539
0.581925
0.081771
1.355652
0.276874
-1.419960
-0.362817
-0.530782
0.300201
-0.328943
0.195979
0.406104
-1.601617
-1.063020
-0.675375
-0.833759
-0.310719
0.488394
-0.068605
-0.357818
0.620831
0.029072
0.361522
-0.261681
0.281392
0.259870
-1.037531
0.960082
0.547753
-0.737210
0.119709
-0.180371
0.145716
-0.205329
-0.644136
0.236790
1.420907
0.147638
-0.863746
1.043107
1.304252
-0.117520
-0.339926
1.933453
1.412807
-1.021772
0.198808
-0.724631
0.876586
0.461179
0.693463
0.348732
-0.056237
0.322282
-0.285377
0.783478
1.825847
-0.196033
-0.119460
0.758346
1.629477
1.297930
-0.555406
1.018535
-1.125084
0.554436
1.447673
-1.087599
0.040943
-0.092176
1.336402
1.349955
0.000920
0.946823
0.285136
0.063376
-0.482064
0.584489
-0.050568
-0.207293
0.515819
1.121169
0.260566
0.057746
-0.223371
0.296626
-0.572073
0.377473
-0.695846
-0.334109
1.224277
0.799403
-0.640676
-0.719100
-0.692613
-1.523962
0.369041
-1.108008
1.031733
-0.079712
-0.508033
-0.465525
-0.064913
1.046193
0.192884
-0.174242
0.085109
-0.011042
-0.113085
0.622971
-0.179043
0.488579
-0.322219
0.669678
-0.000029
-1.353937
0.709443
-0.635094
-0.744179
-0.440816
-0.135690
0.265432
-0.265614
0.457006
-0.400450
0.532222
1.687940
0.028513
-0.510729
-0.376946
0.943079
-0.055691
0.953124
1.339451
1.743005
0.202777
-0.190764
0.899662
0.503002
0.204841
-0.063046
1.099838
0.512400
0.117800
0.154613
-1.344773
0.103926
0.563952
1.667914
-0.894002
0.822923
-0.825458
-0.190176
0.145834
1.124943
-0.533405
0.502339
-0.067704
-0.022459
0.192936
0.017647
0.001770
1.057175
0.393568
0.568584
-0.031075
0.701401
0.282059
0.581607
0.431479
1.071561
0.354505
-0.330883
-0.734480
-0.658976
-0.668285
-0.614630
0.565596
-0.752012
-0.158013
-0.309283
0.103773
-0.029984
1.405295
0.840634
0.307050
-0.770746
-0.052126
0.607018
-0.814119
0.583903
0.447884
0.437394
-0.717484
0.390810
-0.375876
-0.411281
-0.589032
-0.528798
0.019978
-0.097077
-0.689330
0.638324
0.058334
-1.035822
-0.465448
-0.015875
-0.980590
0.256939
0.667701
0.750513
0.628231
-0.376289
-1.122610
2.131121
-0.239990
0.532557
0.423175
-0.310255
-0.806024
-0.169179
0.516424
0.347218
-0.926013
-0.409995
-0.899977
-1.734931
-0.394499
0.484232
-0.708369
-0.208131
-0.109584
0.590183
0.114629
0.047378
0.123200
-0.027997
-0.349922
1.767775
0.459951
0.022856
-0.175123
0.436553
-0.022455
0.656354
0.647403
-0.116975
1.513813
0.454085
-1.029510
-0.414355
-0.262731
-0.695495
0.046210
0.476854
-0.291642
-0.101064
1.951486
-0.311792
0.438205
-0.044123
-1.191435
0.071804
0.116345
0.091840
1.333368
0.292435
0.350869
1.278208
-0.960683
0.155317
-1.066457
-0.319445
0.216135
0.065787
1.097036
-1.153705
0.763268
0.743605
-0.212127
-0.031872
-0.289670
1.365772
0.162848
0.489409
0.793389
-0.107937
2.342325
-0.371630
-0.015831
0.410639
-1.567304
1.372528
0.949395
0.271887
-0.216472
-1.716705
0.905372
0.714508
0.267269
-0.864310
-0.653965
-0.795695
0.066405
-0.032932
-0.749019
-1.071693
1.055579
1.151884
0.814727
0.500898
0.309897
-0.122473
-0.527764
-0.206127
0.844708
-0.409336
0.935513
0.560468
0.393813
-0.757526
0.670923
-0.001254
-0.350553
-1.330232
-0.990669
1.091386
-1.693549
-1.629771
1.102122
-0.578701
-0.398170
0.319133
-0.258678
-1.671786
-1.309815
-0.300572
-0.155636
-0.024738
-1.414822
0.231544
-0.504583
0.439329
-0.173683
0.643888
1.172021
0.980649
0.268297
0.431896
-0.000151
0.886980
-1.430759
-0.038655
0.166215
0.130837
-0.790203
0.972178
-0.981719
-0.254966
0.779057
-1.345017
0.679413
-1.161627
0.637944
-0.163726
0.623329
-1.035735
-0.043894
0.908847
0.997121
-0.298231
-0.445963
-0.841452
-0.714327
-0.304682
-0.812456
1.040214
0.046698
0.418960
1.174853
0.707812
-0.002417
-1.330374
0.462674
-0.155704
0.449152
0.268582
-0.724906
-1.167489
-0.231327
-1.973004
-0.350152
-0.737660
1.329906
0.756285
-0.431386
0.376382
0.044360
-0.068130
1.269477
-1.385016
0.145107
0.463602
-0.315413
-0.581369
0.713167
0.032382
0.549939
0.894200
-0.424718
-0.187036
-0.498797
0.131159
-0.790284
0.799884
0.066752
0.640721
0.755628
-0.396136
0.037176
1.303539
-0.531990
1.025647
-0.072508
0.663803
1.386138
0.878478
0.188721
-0.075243
-0.569115
0.076956
-1.024449
1.115826
-0.745352
-0.277705
0.574409
0.167138
-0.260368
0.598875
1.462265
0.680503
0.323100
1.171201
-0.471407
0.464043
-0.886701
0.765620
-0.630045
-1.614070
0.604067
-0.584282
-0.563192
-0.464256
0.532193
-0.148513
-1.978811
1.494012
-0.228388
-0.343074
-0.999679
0.796005
-0.213872
-0.255411
1.271945
-0.078891
1.088207
0.399369
-0.229158
0.342668
0.117732
-0.624408
1.577429
-0.386176
-0.705680
-0.349943
-0.129767
-0.023956
1.164090
-0.456404
1.020262
0.222243
2.040561
1.033176
1.446527
-1.574054
0.786640
-1.004363
-0.116464
-0.259489
-0.789597
1.477053
1.559774
0.198561
0.091261
1.026322
-0.291805
-0.012030
-0.252493
-0.617840
0.106093
-0.004649
-0.609623
-0.570697
-1.345900
0.033856
-0.406585
0.301844
-0.306743
-0.300296
0.162776
-0.722136
-0.801560
0.170221
0.135459
1.274624
1.243618
-0.375007
-1.054475
1.254956
-1.023091
-0.245393
0.572503
1.106911
-0.475488
0.040066
0.033798
-0.628794
1.672937
-1.130959
-1.479980
0.676491
-0.595185
-0.361618
0.085600
-0.151472
1.106299
-0.689705
-0.063626
-1.379633
0.409648
0.594159
0.606655
-0.978844
-0.488569
0.603261
0.277853
0.503489
-0.469776
-0.328986
-0.407244
0.836181
-1.211079
-0.513424
-1.700317
0.707386
0.507153
0.085324
-0.005358
-0.638543
0.142642
0.290364
-0.022671
-0.017600
-0.752553
-0.287867
0.157015
-0.558150
-1.423599
-0.836314
0.172009
0.021180
0.626278
-0.730133
-1.132501
0.005340
-0.405941
-0.273018
0.882642
0.893598
0.024422
-0.173657
1.644676
0.171734
0.450808
0.363410
-0.451173
-1.351955
-0.049012
0.430986
0.034548
-0.537061
0.800874
-0.318424
0.404810
-0.270916
-0.359928
0.967329
-1.135174
1.637647
-0.744310
0.567300
0.096898
-0.131255
0.571741
0.253675
0.744974
0.210810
0.332125
-0.933181
1.037766
0.614791
1.273170
-0.431214
0.370290
0.336092
0.310602
-0.320639
0.816883
-1.199303
0.637611
-0.987019
-0.335198
0.318455
-0.888242
0.992635
-0.384998
-0.684273
0.080417
-0.832117
0.293126
-0.103698
0.099779
1.045126
0.570580
-0.249769
-0.013740
0.604762
0.284124
0.234377
-0.521305
-0.875739
-0.052913
0.721070
1.269096
0.159425
-0.745832
-1.030008
-0.312446
0.017783
0.021053
-0.241948
0.060611
0.060084
-0.359313
-0.311679
-0.284120
0.690277
-0.038843
-0.169419
1.348796
-0.351776
-0.810665
0.372984
0.918032
0.733802
-0.479880
-0.074729
-0.473641
0.177395
-0.908287
0.721195
0.043217
-0.993539
-2.322372
-0.572400
-1.204634
0.047172
-1.291869
0.596472
-1.654521
0.409950
-0.968230
-1.664222
-1.687446
0.213806
0.549159
0.736030
1.060750
-0.335516
-0.352110
-0.313864
0.783367
-0.108641
-0.793557
0.018504
0.206831
0.824960
-0.692119
0.276382
0.515925
-1.241996
0.933192
0.200814
0.659151
-0.679867
-0.769826
-0.328932
-0.294981
0.729012
-1.705342
0.382085
-0.199791
-1.780380
-0.075470
-0.669877
-1.101588
0.647078
-0.391597
-0.097567
2.198289
-0.036759
0.367688
-0.496973
-0.344235
-0.506987
1.293435
0.043405
0.208807
-0.168577
-0.022613
-0.880562
0.715384
1.629093
0.680274
1.181300
0.068508
1.630702
0.805807
-0.429333
0.396238
0.177267
0.629672
-0.087629
-0.412984
0.221506
-0.204549
-0.080084
0.481781
-0.010315
1.389996
0.441793
-1.174196
-1.123684
-0.464536
1.172464
0.223296
0.308551
-0.615018
-0.935724
1.030629
-0.398388
0.151473
-1.587671
0.118739
0.210363
-0.012034
0.052117
-0.958331
-1.262280
-0.661356
0.222546
-0.587700
-1.217074
-0.916963
1.548828
0.299732
-0.587690
-1.259977
0.218277
-1.057263
0.583275
0.682194
-0.312556
0.899923
-0.440475
-0.696854
0.932889
0.368680
-0.296399
-1.031401
-0.541252
-0.188309
-0.797136
-0.204710
-0.087874
-1.054768
-0.153737
0.927947
0.117310
0.007696
-0.748799
1.163620
-0.040390
0.656628
1.352947
0.420635
-0.347442
-1.256639
0.311640
0.938679
-1.007702
0.050209
-1.168355
-0.440235
0.974243
0.621902
-0.454715
-0.475022
1.421325
0.227501
0.075756
0.259351
0.339669
-1.360508
-0.359666
1.342186
-0.420124
0.332880
-0.642233
-1.494779
-0.829950
1.091481
0.411972
1.056491
0.818395
-0.474471
-0.005710
0.639990
0.924711
0.646277
0.003697
-0.776737
0.202453
-0.127510
-1.229741
-1.256341
0.030447
-0.389205
-0.583567
0.266826
-1.183926
0.149369
-0.988770
-0.449479
-0.231151
0.338075
-0.519135
-1.722524
-0.787597
1.028806
0.215976
-0.681772
0.573577
-1.474914
0.638772
0.121460
0.129363
0.170856
-0.572310
-0.708260
0.809993
1.067409
-0.623665
-0.475332
0.139809
0.758173
-0.123981
-1.123564
0.329120
-0.526800
-0.117568
0.459695
0.114172
-0.190033
1.006014
-0.029308
0.385580
1.799981
-0.605044
0.617139
1.324040
0.581768
0.623445
-0.577083
-0.782257
-0.449268
-0.525651
0.308505
-0.673767
-0.812098
0.117115
0.178170
-0.951398
-0.636207
0.670908
1.015315
0.427135
0.040230
-0.518249
-0.840951
2.017956
1.567444
-0.344535
-1.166650
1.000944
0.151010
-0.190373
0.591547
-0.525136
-0.234450
-1.545728
0.172287
0.358864
0.202429
-0.831766
0.777025
-0.833882
-0.192220
-0.244550
-1.584541
-0.465215
0.475192
-1.010486
0.351462
-1.398247
-0.011539
0.268147
0.590773
0.565648
-1.182486
-0.200012
-0.582367
-0.579956
0.475206
0.146960
-0.897102
-1.020347
1.667730
1.698836
1.491336
0.084695
0.290756
1.357980
0.623448
0.272875
-0.534000
1.107383
-0.109280
0.455194
-0.004488
0.184933
0.805726
0.606972
0.170013
-0.268960
0.014411
-1.435894
-0.032386
-1.223825
1.295902
0.007385
-0.864124
-1.468506
-0.028571
-0.155003
0.377967
-0.249103
0.666806
-0.059177
0.179983
-0.197532
0.533970
-0.096029
0.779279
0.072480
-0.730451
0.315721
-0.300829
0.962367
1.579196
0.998252
-0.864482
0.048019
-1.229214
0.295513
-1.599295
0.978828
0.940050
0.336400
1.027503
0.403245
-0.786691
-0.401008
0.951945
-0.190944
1.053080
0.624282
0.929232
-1.168843
-0.274589
-0.552270
-0.679885
-0.397958
-1.012267
-0.088215
0.418372
0.811134
0.739115
0.102994
-0.355758
-1.080112
0.119843
-0.723750
-0.898728
0.463496
0.717354
-1.622810
-0.555631
1.531799
-1.590648
1.349467
-0.069555
0.622109
-1.327469
0.193466
0.905837
-0.192437
1.284973
-1.094354
1.585349
0.389151
1.087910
1.073772
0.157256
-0.125840
-0.093406
0.278310
-0.144253
-0.566692
0.242819
0.143090
-0.144824
-0.919387
0.492786
-0.123654
0.682780
1.194021
-1.964566
0.538738
-0.000738
0.076408
0.138979
0.329561
0.069385
1.458485
0.698115
-0.131273
-0.764703
0.194976
-0.234128
-0.761868
-0.718947
-1.363028
0.335039
0.305778
-0.995831
-0.219610
-0.217530
0.659575
0.156470
0.372932
0.605939
0.050988
0.765840
0.112837
-0.764779
0.919423
0.613544
0.543150
0.572803
-0.444179
0.907148
0.202646
0.137552
0.236899
0.692332
0.128163
-0.823076
0.946389
-0.698745
0.507322
0.041984
-0.266399
-0.002308
-0.393663
1.629943
-1.634503
-1.628031
0.137694
-1.586655
-1.405239
-0.166506
-0.299308
0.242994
0.659922
-1.197733
1.310632
-1.154356
0.784442
0.846895
0.869071
-0.011852
-0.179186
-1.907190
0.020477
0.000861
-0.154051
0.902666
-0.194581
-0.548489
-0.954431
-1.335455
1.145237
0.222761
-0.498756
-0.009158
-0.635724
-0.338895
-0.345941
0.881646
0.413027
-0.213892
-0.667535
0.395595
-1.073747
-1.231151
-0.225468
0.233806
-0.968732
0.091462
0.758049
-0.274204
-1.704315
0.168711
0.474465
-0.264680
-0.404922
-0.818396
-0.128845
-0.776118
0.593834
-0.617755
-0.425835
0.405655
0.905407
0.299790
-1.234209
0.593156
0.066918
-0.977637
-0.213208
-0.485488
-0.076456
-1.436504
-1.430485
-0.431938
-0.861933
-0.567116
-0.128960
1.102578
0.208947
-0.196599
0.698908
0.110506
0.907632
1.240899
-0.596667
0.482031
0.431826
-0.790343
-0.521075
0.265541
-0.131240
-0.544066
-1.372291
1.019194
0.058676
0.128806
0.262758
-1.803950
0.128437
-0.062809
-0.822434
0.198144
0.357483
0.530168
0.748852
-0.651837
-0.608143
-0.679486
-0.440505
1.120896
-0.654117
0.333559
1.061744
0.620027
0.120460
-0.797552
-0.078522
-1.079965
0.172441
0.277372
0.016420
-0.507935
0.525504
-0.283333
-0.898174
-0.640686
-0.737362
-0.496531
-0.922501
0.601102
1.749702
0.155770
0.022635
0.412212
0.442580
0.770877
-0.751254
0.670322
-0.429668
-0.373923
0.306504
-0.010626
-1.280778
0.485629
1.309397
0.302320
0.350529
-0.463551
-0.974243
0.152370
-0.917963
-0.430270
-0.874183
0.031412
-1.293182
-1.123555
-0.187109
0.480352
0.069262
0.534807
-1.092344
0.258148
0.400009
-0.475073
-0.944583
1.039481
-0.407258
-0.102099
0.822502
-0.160855
-1.189452
0.315336
1.592761
0.166738
0.704065
0.726443
0.089057
0.187644
0.581783
-0.138747
0.070161
0.688320
-0.290268
-0.528264
0.572058
-0.015975
-0.992420
0.402348
0.688783
-1.129674
1.446561
0.913678
-1.425835
1.272343
0.910583
-0.116230
-0.401523
-0.544150
0.564524
-0.297909
-0.081439
-1.000306
1.062450
0.793689
0.675465
-0.642809
0.099931
-1.467089
-0.226677
0.742669
0.534016
0.650816
0.338027
-1.611012
-0.106469
-0.053739
-0.076284
0.677979
-0.676340
0.447057
-0.423598
1.635928
0.149739
-0.372008
-1.050527
0.877180
-0.814129
0.918578
-0.119647
0.436393
1.188887
0.017747
0.938385
-0.221804
-0.689206
-1.012515
0.809025
0.377404
-0.046447
1.213253
-0.460380
0.130617
-0.758607
0.780284
-0.001075
-0.660996
0.598025
-0.570870
0.784483
-1.016078
0.893088
-0.788798
-0.200910
0.303779
0.470110
1.064838
-1.385164
0.850480
0.506737
0.249599
0.607641
-1.071574
-0.030011
-2.013328
-0.678133
-0.620656
1.023371
0.590964
0.695731
-0.949448
0.340025
-0.836340
-0.132221
-0.710127
-1.450122
0.484116
-0.978013
0.623296
-0.252491
0.685958
-0.620332
0.257753
-0.420962
1.357331
0.795143
-0.241992
0.125273
0.124860
-0.962797
0.532122
0.288228
-0.646316
-0.215277
0.697078
0.078460
0.793763
-0.038171
0.024479
-1.451852
0.146875
-0.014043
0.759516
0.452172
0.651757
0.161531
-0.347067
0.983986
1.074551
1.280802
-0.894411
-0.109837
0.693108
-0.217077
-0.839398
-0.736598
0.566313
0.814083
0.810105
-0.342806
0.501007
-2.007627
0.284969
0.161004
-0.703629
-0.112511
-0.219987
1.132963
-0.895691
-0.558483
0.318811
0.070624
-0.188778
1.541496
0.987312
0.633156
-0.054846
0.833753
0.890688
0.647336
-0.916392
0.087884
-0.168430
-0.870131
1.390987
0.428828
1.329363
-1.014208
0.056928
-0.465169
0.893473
1.658090
0.626618
-1.214729
1.373254
0.514772
0.585884
0.026682
-0.385840
-0.435896
-0.481484
-0.967254
-0.193212
-0.884058
-1.210326
-0.968539
-0.279817
-1.067579
-0.558992
1.482716
-0.087865
0.851708
-1.255044
0.282008
-0.710254
-0.850506
-0.033327
-0.320404
0.702118
0.881366
-1.062248
-0.094426
0.887385
-0.487365
-0.457713
-0.367251
-0.354480
-0.368659
-1.492601
0.669973
-0.137710
0.480187
0.304413
-0.849787
1.059455
0.489143
-0.720850
0.063125
0.470264
-0.517667
-0.560115
0.081791
1.114705
0.142622
1.138811
1.080781
-0.697099
-0.339732
-0.111221
1.108057
1.504399
0.192807
0.321477
-0.991584
-0.149164
-0.664604
-1.022839
0.082727
0.443444
-0.082353
-1.022618
-0.241379
-0.151125
-0.413149
0.522732
0.375574
-0.976106
0.179204
0.985217
-0.722883
-0.797966
0.722142
0.072735
-0.748891
-0.445718
1.094319
-1.284471
0.791797
0.408869
0.395137
-0.149256
0.493908
0.051757
-0.232622
0.860069
1.436957
0.127931
0.898200
1.238826
-0.369316
-0.783109
-0.909588
-0.654798
0.574735
0.176258
-1.863613
-0.176878
-0.098744
1.027948
-0.056637
0.647967
-0.368358
0.011749
0.064645
-0.757366
0.164215
-0.436737
0.584116
-1.229150
0.932081
0.412189
0.704469
-0.971221
1.022921
0.094900
0.414103
0.309958
0.908597
0.345580
-0.646243
1.099534
-0.276057
-0.494013
1.186862
-0.255991
0.743611
-0.614745
-0.084085
-0.760286
0.123757
0.495023
0.023489
0.160347
-0.939162
0.018632
-0.422119
0.151415
0.391886
0.103697
0.408594
-1.126684
-1.468764
0.504876
0.590982
0.821362
-0.550373
-0.439018
-0.079499
1.383587
0.912413
-0.830491
-0.898795
-0.290832
-0.041882
0.564089
-0.303600
-0.904963
0.206529
0.613597
-0.083278
0.131664
-1.239064
0.261860
-0.107948
0.732875
-1.556986
-0.612591
0.787748
0.132684
0.241431
0.062085
-0.752369
0.671189
0.912743
-0.255793
0.598128
-0.154221
-0.107743
-0.106356
0.008058
0.381903
1.223403
-0.424601
-0.728417
-0.254374
0.002431
-0.603568
0.098163
-0.284312
-0.026794
0.035004
-0.221498
0.891397
0.254805
-0.840514
-0.293724
-0.564784
-0.086951
0.065309
0.815307
-0.702546
-0.118069
-0.885162
-0.918028
-0.959150
1.441961
0.391635
-0.627828
0.047816
-0.363163
-0.061065
-0.410923
-1.606647
-1.161670
1.370014
0.197852
-0.190314
-0.348390
-0.598142
0.051998
0.741671
-0.629728
0.966641
-0.350082
-0.925457
-0.078043
0.419544
1.820150
-1.145083
-0.700387
-0.275866
0.430406
-0.397447
-0.480656
0.220806
0.656182
0.449357
0.090630
0.744652
0.775528
0.316148
-1.142851
0.596693
0.076870
0.893843
0.360202
-1.431143
-1.082144
-0.409904
0.470985
-0.231130
0.701637
-0.613069
-0.057539
-0.301255
-0.113623
1.035329
-1.322676
-0.128194
-0.703987
1.016226
-0.052027
-0.011220
-0.328162
0.613514
-1.675242
0.077971
1.215514
0.192347
-1.078457
-0.045373
-0.598910
0.165761
0.012860
0.478549
-0.708363
0.671766
0.121093
-0.716027
0.635978
-0.244385
0.035740
-0.607798
-1.000728
0.229537
0.913661
0.748583
1.038753
-1.213310
-0.769935
1.303908
-1.467147
-0.480739
0.272775
1.112877
0.207434
0.105446
-1.217686
-0.378606
-0.167299
-0.893287
0.000884
0.396690
-0.057479
0.373790
-0.900565
0.099634
-0.381918
-0.053970
-0.700209
-0.220511
0.234580
0.658920
-1.731406
-0.490115
-2.045363
-0.791838
-0.626617
0.951276
0.044269
-0.261939
-1.039388
-0.986973
0.141346
-0.489974
-0.573772
0.282552
0.835391
0.122401
0.209727
0.083603
-0.354801
0.332347
0.544742
-1.137620
-0.068447
-1.397247
1.167902
0.187169
-0.135380
0.459752
0.086107
0.593257
-1.098378
0.309332
-0.180496
0.408314
-0.255637
0.147318
0.838373
0.060236
-1.261193
0.541406
-0.260459
0.575440
0.413954
-1.746811
-0.980993
-0.203723
-0.118331
1.398899
-0.911062
-0.487853
0.559119
0.335336
-0.577740
-0.125402
-0.844749
-0.277923
-0.180423
1.177564
1.117228
0.554249
-0.110619
-0.199223
-1.063007
-0.472889
-0.227721
0.386524
-0.402308
-0.444726
0.164212
-0.309237
0.196955
0.576995
-1.000867
0.496411
0.393140
1.313005
0.655699
-0.254109
0.617355
0.793131
-0.186388
0.200927
1.111040
-1.795466
-0.281247
0.812087
-1.141687
-0.264097
0.628725
-0.704858
0.159398
-1.438581
-0.432248
-1.075372
-0.634188
-1.384484
-1.487345
-0.685617
0.418200
-0.519177
1.804357
0.043749
0.100343
-0.045627
0.066900
-0.841885
-1.313767
0.334811
-0.398794
-0.262358
0.934784
-0.091725
0.428544
0.462948
-0.244014
0.229956
0.477153
0.207931
0.416891
-0.139488
-0.852389
0.539395
0.151952
-0.386148
-0.416055
-0.457178
-0.501276
-0.189575
-0.285655
0.784820
0.179739
-0.112215
-0.842860
0.159521
1.200481
0.467685
0.725644
0.170692
-0.530386
1.078869
0.507790
0.058347
-1.245511
0.640227
0.166477
1.113248
-0.879941
-0.744316
0.070236
0.156759
-0.927957
0.314123
0.430781
0.470514
0.556639
-0.656550
-0.146438
0.126568
-1.107995
-0.591113
1.847946
0.426842
-0.281332
-0.012222
1.128641
1.442029
0.246056
0.836772
1.178917
1.361716
0.983103
-0.511757
-0.534860
0.276557
-0.104095
-0.444918
-0.616628
0.012305
0.296653
-0.479223
-1.095765
1.196831
0.036675
-0.743157
0.196485
0.168811
1.290217
0.177138
0.245059
-0.622106
-0.779120
-0.808246
1.189078
0.716217
0.350697
-0.836590
0.844516
-0.430404
-0.007124
-0.399177
-0.436728
-0.148014
-0.467347
-0.502604
-1.259571
-0.630118
-0.883261
0.432291
0.408222
-1.214821
-0.669443
0.986145
0.086741
0.175635
0.390201
0.739949
-0.894397
-1.167140
-0.525087
-0.386353
0.270715
-0.323162
0.223332
-0.480035
0.988972
-1.222644
0.513745
-1.388317
0.280293
1.733504
1.679891
-0.414692
-0.726795
0.438828
1.058476
-2.031573
-1.083225
-0.114189
-1.291616
-0.226334
0.618252
-0.098206
-0.483483
0.462661
-1.055367
0.392444
0.938423
-0.695568
0.990207
1.814219
-0.209380
-0.571660
1.352342
-0.163918
0.357274
0.433382
-0.223645
-0.113249
-0.542279
-0.103187
0.252098
0.982568
-0.015200
0.563079
1.247931
0.004479
1.024489
-0.755390
-0.008185
0.040413
-0.386022
0.818118
0.688751
-0.132958
-0.048685
-1.307458
0.411018
0.385455
-1.936967
0.735862
0.223801
-0.632482
-0.699883
0.380233
-0.185285
-0.433282
-1.474122
-0.086548
0.261708
-1.623940
0.945627
-1.504933
-0.446173
0.428623
-0.531885
0.899446
0.384517
1.144836
-0.824312
0.960418
0.698411
0.298888
-1.288825
-0.135602
-0.610774
0.854862
0.035183
-0.002525
0.532328
-0.312189
-0.094435
-1.662001
-1.400986
1.002454
-0.195578
-0.751312
-0.460469
0.785330
0.007624
-0.629627
0.704034
-0.634452
0.504908
0.917026
0.103338
-0.422250
-0.158312
0.360007
-0.424648
-0.279745
0.516563
1.787855
1.192514
0.421916
1.035346
1.473708
0.971915
0.088052
-1.372640
0.416603
-1.278401
-0.870164
0.647160
-0.044590
0.688569
-1.276818
0.088785
1.303154
0.008823
-0.366675
-0.867629
1.211418
0.203868
-0.777971
-0.246875
0.327239
1.667521
1.191011
-0.522854
1.770317
-0.588689
0.521992
1.394512
0.414466
1.258138
0.079280
0.390581
-0.782702
0.255466
-0.896763
-0.963339
0.427767
-1.084777
0.472168
0.604999
-1.236974
0.085205
-1.029174
-0.066061
0.209551
-0.895271
-0.475732
0.293271
0.241009
0.333855
-0.436148
-0.314930
-0.242119
-0.558360
-0.669240
0.552505
0.349768
0.015922
0.154649
-0.667187
-0.263403
-1.223638
0.349621
-1.038600
0.622494
-0.135702
-0.122434
-1.113985
-0.284004
0.334019
-0.970133
0.303540
-0.620741
-0.903515
0.294048
0.793623
0.280869
0.203047
0.955107
0.008277
-0.319572
0.615428
0.765728
0.462762
0.519649
-1.529378
-0.737920
-0.253296
0.963654
0.086364
0.346552
-0.639113
-0.320490
0.011141
1.389878
0.549558
0.672941
0.318871
-0.828450
-0.000805
-0.900708
0.334098
-0.352821
-0.051502
-0.016580
0.259571
-0.549462
-0.061630
0.166663
0.211981
-1.037402
0.478987
-0.061781
0.067815
0.506936
0.475476
1.119826
-0.247256
0.305340
-0.034773
-0.673882
-0.051414
0.302651
-0.613417
0.422655
-0.535421
-0.524246
-0.818550
0.034428
-0.306950
0.128323
0.283697
-1.738747
0.364272
0.022747
-0.881130
0.048909
1.002292
-0.537846
-0.019823
-0.397607
-0.014234
0.437854
0.397001
0.447141
0.168539
1.407065
1.395621
-0.059204
0.814886
-0.179168
0.482562
-0.476360
-0.645861
0.301829
0.613739
-0.376537
-0.293802
-0.823535
0.754623
-0.023169
0.181954
-0.723649
-0.881324
0.682489
0.812208
0.578598
-0.247602
0.871475
0.698659
0.054457
0.874906
0.975333
0.223596
0.892980
0.704318
-0.320544
0.551151
-0.064371
0.627617
-0.141215
0.144029
1.120068
0.079767
0.088795
-1.136704
-0.595313
0.107026
-0.309996
-0.982030
-0.180878
-0.060676
-0.833496
0.009522
-0.495447
0.363309
0.198204
-0.681273
-0.377647
0.123550
0.730664
0.404556
-0.658652
0.840173
-1.218213
-1.676989
1.145529
-0.065895
0.161172
-1.440625
-0.308646
0.574601
0.501751
0.598026
-1.270454
-0.469023
-0.850606
-0.039717
2.138684
1.047885
-0.371106
0.247340
0.243382
-0.382754
0.270283
-0.816360
-0.083954
0.024136
1.220584
0.868087
-0.677455
0.844299
-0.076233
-0.355788
-1.010598
-0.649626
-1.699288
-0.226828
-0.823963
0.140242
-0.567900
-0.218502
-0.974823
-0.245250
0.032376
0.225841
0.227721
1.535222
-0.452173
0.371557
-0.334485
0.195636
-0.578325
0.213339
1.208361
0.213827
-0.497755
0.484255
-0.165915
0.067725
-0.059328
-0.805213
-0.712712
0.665231
-1.123378
1.109429
0.263174
0.599502
-0.362627
-0.249607
0.547111
0.074492
0.420985
0.715405
0.964837
-0.372735
-0.829621
-0.121694
0.898768
-0.911623
-0.274774
0.965279
-0.234952
1.842807
-0.082898
-0.837735
-0.687729
0.172423
-0.455195
0.030086
0.411111
-1.367049
0.258316
0.153263
0.564362
0.182330
-0.231150
-0.632165
-0.591699
-0.098021
-0.112762
0.745902
-1.539095
0.522191
-0.138128
1.258763
0.502689
0.911147
0.083664
0.722634
-0.298305
-0.908507
0.439021
-0.454089
-0.241566
0.005282
-0.640577
0.847509
0.651604
-0.717846
-0.221011
-0.830794
0.190282
0.964333
0.879751
-0.584226
-0.421338
0.738307
0.281115
0.671787
-0.809686
-0.157487
0.503430
1.080188
0.773136
0.611242
-1.336764
-0.505135
1.079401
0.688977
-1.691186
-1.229049
-0.800418
0.490227
1.247946
0.399638
-0.606484
-1.162864
-0.301195
1.539502
-0.076384
0.238814
1.559398
0.372605
0.467769
-1.152031
-0.613862
1.082379
0.232543
-0.837191
0.174112
0.179977
-0.328257
0.565242
-0.228622
-1.124400
0.411735
0.458468
0.537481
0.691104
-1.073370
0.828434
-0.320769
1.544956
-0.041945
-0.828514
-0.035737
1.124179
-0.442063
0.278041
1.509210
-0.217072
0.424517
-0.852153
-0.008342
-0.340923
-1.117417
-1.414436
1.362092
0.795768
0.937983
1.064227
-0.224132
-0.718503
-0.758544
0.704782
0.152397
0.930787
-1.353128
1.592245
-0.554996
-0.920685
0.416206
1.205266
1.558251
-0.195267
0.561551
-0.389798
-1.172182
-0.182391
-0.546537
0.394918
-1.211214
-1.286440
1.423668
0.229678
0.210104
1.532169
-0.423197
0.209709
1.948165
0.393861
0.525054
-0.531287
0.644470
0.001513
1.054014
-0.259666
0.579137
-0.234760
0.668681
-0.628931
-0.837385
0.284012
0.982915
0.133949
0.237852
0.615308
0.419998
0.345175
0.648305
1.334418
-0.069247
1.463792
-0.632420
0.415229
-0.494852
-1.473981
-0.084978
-0.926376
-1.008195
0.433769
1.269391
0.957181
-1.318882
-0.464252
1.796130
-1.112876
0.707028
0.796684
-0.656764
1.248245
0.762092
-0.667419
-0.217634
0.354609
-0.145706
-0.645679
-0.204621
-0.631934
-0.105708
-0.239682
0.915008
-0.872130
0.213787
-0.122378
0.161240
0.641060
-0.455144
-0.414326
0.294203
-0.866755
-0.706370
0.020702
0.288066
0.808521
0.697503
0.000000
1.040332
-0.771651
1.736110
-0.044987
0.417255
-0.324790
-0.910195
1.972633
-0.968322
-0.755118
0.147595
0.439238
-1.253202
-1.991226
0.040739
-0.598060
-0.112907
0.087427
0.459409
-0.359996
0.974768
-1.614473
-1.164675
-0.563322
0.665926
0.846806
-1.244475
-0.420888
-0.804925
0.254426
0.811485
-1.615256
-0.159020
-0.678648
-0.356323
1.431374
-0.506549
-1.086137
1.030354
-0.647818
-0.507576
1.142124
1.094018
0.983438
